554046    612996
547349    623964
547376    629424
545467    636492
534089    638328
543037    645716
542556    650156
545614    651904
545600    656168
547725    661876
550621    665408
552618    666796
555603    674056
557725    677420
561534    679172
563122    680008
572744    683220
573588    690328
576082    698820
582772    705684
582490    713116
586815    719876
593048    724948
593009    727684
600893    731264
601632    734344
603551    740012
613979    747952
623617    752404
628444    761420
636756    773720
641220    779920
641880    792476
650067    801224
653632    807028
655070    820820
664192    824648
670392    837852
678376    847768
684957    859348
692463    877500
698483    893708
707365    908208
708579    918084
714392    936624
715537    939852
717183    941028
725892    944500
736646    949300
745602    953284
747115    963680
754630    978584
758664    984528
765296    987824
772438    997044
773882    1008892
784209    1027464
788114    1041904
795440    1055320
801861    1067648
813035    1075852
820058    1097000
825517    1111700
833352    1124836
845036    1161264
852667    1167388
862048    1193032
870951    1213676
878693    1234644
891981    1263116
900362    1274204
916872    1289992
924095    1317352
925145    1317152
925694    1329724
914495    1324204
911646    1318620
919610    1312704
929661    1323136
936029    1332096
946496    1341716
954546    1359868
962245    1372144
970991    1398560
972728    1413804
977054    1427496
981039    1441292
987066    1452296
992771    1475336
993919    1488400
1000006    1503968
1005516    1517992
1011863    1537368
1021213    1546764
1028792    1561000
1035215    1579060
1038695    1590148
1048213    1602372
1055843    1620612
1063496    1633456
1065536    1662108
1070760    1679344
1078753    1696088
1086341    1709932
1086985    1698072
1091277    1712968
1098903    1731712
1107216    1751300
1118489    1761120
1132225    1784600
1143236    1807972
1152568    1831992
1155482    1848904
